N = 100
17.50
33.75
20.75
35.00
20.75
9.50
29.25
24.00
62.50
27.50
40.50
35.75
17.50
13.25
6.25
46.25
1.25
4.50
9.50
521.00
2.00
19.75
16.25
6.50
18.50
37.25
27.50
5.00
48.00
36.00
13.25
33.50
44.25
21.00
14.25
43.00
17.50
10.50
21.50
53.50
19.75
12.00
13.75
7.75
0.25
36.00
42.00
500.50
51.50
23.25
16.75
48.25
31.25
19.75
30.25
42.25
31.25
17.75
38.75
15.50
11.75
17.25
35.00
18.25
22.00
18.75
20.50
42.75
16.75
46.50
42.00
29.00
22.75
21.25
22.50
539.75
15.50
38.50
39.75
5.25
20.75
60.00
17.50
35.50
47.00
14.75
10.00
11.75
8.50
52.00
38.25
29.75
31.25
31.00
17.25
1.50
0.25
6.00
38.25
12.25
